  2092 13 
  3096 6 
  8023 3 
  8049 38 
  8143 28 
 12003 8 
 12074 4 
 12084 3 
 14037 5 
 15004 24 
 15088 2 
 16052 2 
 16077 34 
 19021 11 
 20008 34 
 21077 7 
 22013 7 
 22090 12 
 22093 8 
 23025 13 
 23080 33 
 23084 6 
 24004 39 
 24063 27 
 24077 22 
 25098 20 
 26031 1 
 27059 27 
 28075 4 
 28096 1 
 33039 4 
 33066 20 
 35008 26 
 35010 16 
 35058 12 
 35070 2 
 35091 3 
 37073 38 
 38082 10 
 38092 16 
 41004 5 
 41025 8 
 41033 7 
 41069 5 
 42012 26 
 42044 15 
 42049 15 
 42078 5 
 43070 1 
 43074 4 
 43083 4 
 45077 3 
 45096 19 
 46076 18 
 48055 6 
 54005 1 
 54082 28 
 55067 18 
 55073 13 
 55075 14 
 56028 19 
 58060 25 
 59078 28 
 60079 3 
 61060 4 
 61086 6 
 62096 3 
 65010 11 
 65019 27 
 65033 13 
 65074 37 
 65132 15 
 66039 10 
 66053 7 
 66075 3 
 67079 6 
 68077 10 
 69015 21 
 69020 12 
 69040 1 
 71046 33 
 76002 9 
 76053 8 
 78004 10 
 78019 13 
 80099 2 
 85048 31 
 86000 16 
 86016 39 
 86068 1 
 87046 14 
 87065 6 
 89072 29 
 90076 25 
 92059 12 
 94079 1 
 95006 7 
 97017 15 
 97033 8 
100075 14 
100080 21 
100098 4 
101085 22 
101087 29 
102061 10 
103041 8 
103070 17 
104022 10 
105019 7 
105025 6 
105053 9 
106020 27 
106024 2 
106025 15 
108005 23 
108041 4 
108070 2 
108073 2 
108082 5 
109034 3 
109053 9 
112082 15 
113009 12 
113016 6 
113044 6 
117054 26 
118020 11 
118035 14 
119082 20 
122048 8 
123074 5 
124084 4 
126007 12 
126039 15 
130026 4 
130034 1 
134008 2 
134035 4 
134052 6 
135037 2 
135069 3 
138032 7 
138078 9 
140055 17 
140075 9 
143090 5 
144067 13 
145014 13 
145053 20 
145086 8 
147021 6 
147062 6 
147091 2 
148026 12 
148089 16 
151087 4 
153077 32 
153093 26 
155060 12 
156065 12 
156079 14 
157036 7 
157055 12 
159008 12 
159029 13 
159045 9 
159091 6 
160068 22 
161062 16 
163014 18 
163062 17 
163085 5 
164074 7 
166081 9 
167062 3 
167083 8 
169012 34 
170054 17 
170057 15 
172032 24 
173036 6 
175032 8 
175043 1 
176019 10 
176035 39 
176039 6 
178054 5 
181018 10 
181079 9 
181091 9 
182053 30 
183055 7 
183087 11 
187003 8 
187029 14 
187039 5 
187071 20 
187083 4 
188005 17 
188063 4 
188091 5 
189003 6 
189011 18 
189080 6 
196015 16 
196073 2 
197017 8 
198004 16 
198023 21 
198054 6 
202012 12 
207056 3 
208001 23 
209070 22 
210088 2 
216041 7 
216053 8 
216066 2 
216081 21 
219090 9 
220075 22 
223061 8 
225017 6 
227040 15 
227046 6 
227092 8 
229036 3 
231015 18 
232038 32 
236017 6 
236037 6 
238011 8 
239007 35 
239096 31 
241004 37 
241048 22 
242078 25 
245051 21 
246016 38 
246053 14 
247085 8 
249061 8 
249087 5 
253027 2 
253036 10 
253055 3 
254033 10 
254054 4 
260058 9 
260081 13 
268002 5 
271008 18 
271031 8 
271035 19 
274007 21 
277095 31 
285036 9 
285079 14 
286092 32 
291000 7 
292066 17 
293029 6 
295087 12 
296007 20 
296059 14 
299086 4 
299091 28 
300091 2 
301007 38 
302003 28 
302008 33 
304034 4 
304074 7 
306005 12 
309004 8 
310007 11 
311068 1 
311081 3 
314016 4 
317080 7 
323016 40 
326038 2 
351093 14 
353013 4 
361010 11 
361084 27 
365025 8 
365073 23 
368016 3 
368078 21 
370036 29 
372047 21 
374020 14 
374067 8 
376001 38 
376020 7 
376043 6 
385028 35 
385039 31 
388016 16 
